1 0.7765625 0.15078125 0.0921875 0.0828125
1 0.8140625 0.0515625 0.096875 0.0453125
1 0.846875 0.02890625 0.0984375 0.05625
1 0.1859375 0.38046875 0.1109375 0.0859375
1 0.0984375 0.36484375 0.121875 0.0625
1 0.49609375 0.66171875 0.071875 0.040625
1 0.57578125 0.6484375 0.071875 0.040625
1 0.56328125 0.6203125 0.05625 0.046875
1 0.4875 0.58828125 0.090625 0.05625
1 0.5171875 0.82265625 0.09375 0.053125
1 0.40546875 0.77890625 0.0609375 0.040625
1 0.29375 0.80625 0.0765625 0.0375
1 0.278125 0.83203125 0.071875 0.0390625
1 0.196875 0.803125 0.0484375 0.034375
1 0.0984375 0.74921875 0.0734375 0.0625
1 0.37421875 0.95 0.0859375 0.028125
1 0.56328125 0.9515625 0.084375 0.046875