1 0.859375 0.76875 0.084375 0.09375
1 0.959375 0.80625 0.0453125 0.0984375
1 0.9765625 0.83984375 0.046875 0.0984375
1 0.62890625 0.175 0.0859375 0.1109375
1 0.64453125 0.08671875 0.0625 0.121875
1 0.34609375 0.48671875 0.040625 0.071875
1 0.35859375 0.56640625 0.040625 0.071875
1 0.3875 0.55390625 0.046875 0.05625
1 0.41953125 0.478125 0.05625 0.0921875
1 0.18359375 0.5078125 0.053125 0.09375
1 0.228125 0.39609375 0.040625 0.0609375
1 0.20078125 0.28359375 0.0375 0.078125
1 0.17421875 0.26796875 0.0390625 0.071875
1 0.20390625 0.1859375 0.034375 0.05
1 0.2578125 0.08671875 0.0625 0.075
1 0.05625 0.3640625 0.028125 0.084375
1 0.0546875 0.55390625 0.046875 0.0859375