1 0.23203125 0.8390625 0.08984375 0.08125
1 0.1953125 0.9359375 0.0953125 0.04453125
1 0.16328125 0.95859375 0.096875 0.05390625
1 0.81015625 0.6140625 0.10859375 0.08359375
1 0.896875 0.6296875 0.11953125 0.06015625
1 0.50625 0.33828125 0.0703125 0.0390625
1 0.42890625 0.35078125 0.0703125 0.0390625
1 0.440625 0.37890625 0.0546875 0.046875
1 0.515625 0.41015625 0.08984375 0.05546875
1 0.4859375 0.18046875 0.09140625 0.05234375
1 0.5953125 0.2234375 0.059375 0.040625
1 0.7046875 0.196875 0.075 0.0375
1 0.7203125 0.17109375 0.0703125 0.03828125
1 0.8 0.2 0.04765625 0.034375
1 0.89609375 0.253125 0.071875 0.06015625
1 0.6265625 0.05625 0.0828125 0.028125
1 0.44140625 0.0546875 0.08359375 0.04453125