1 0.0484375 0.3921875 0.03125 0.059375
1 0.05703125 0.53515625 0.0375 0.0625
1 0.059375 0.6375 0.034375 0.065625
1 0.0796875 0.60390625 0.0390625 0.0515625
1 0.17890625 0.4328125 0.040625 0.05625
1 0.22578125 0.5625 0.04375 0.071875
1 0.1625 0.67890625 0.046875 0.08125
1 0.18359375 0.6578125 0.04375 0.075
1 0.20546875 0.759375 0.0421875 0.05625
1 0.2703125 0.8609375 0.05625 0.0671875
1 0.36484375 0.403125 0.040625 0.04375
1 0.35 0.46015625 0.040625 0.05
1 0.40546875 0.47265625 0.03125 0.078125
1 0.73125 0.77421875 0.0375 0.05
1 0.65234375 0.85078125 0.05625 0.071875
1 0.8703125 0.17109375 0.05625 0.096875
1 0.96953125 0.159375 0.053125 0.078125