1 0.425 0.05078125 0.05625 0.03125
1 0.5625 0.05859375 0.059375 0.034375
1 0.6609375 0.0609375 0.0625 0.0328125
1 0.628125 0.08046875 0.05 0.0375
1 0.4640625 0.17578125 0.0546875 0.040625
1 0.5890625 0.22109375 0.06875 0.040625
1 0.70078125 0.16015625 0.078125 0.0453125
1 0.68046875 0.18046875 0.071875 0.04375
1 0.778125 0.2015625 0.0546875 0.040625
1 0.87578125 0.2640625 0.065625 0.0546875
1 0.43515625 0.3546875 0.04375 0.0390625
1 0.48984375 0.340625 0.0484375 0.0375
1 0.5015625 0.39375 0.075 0.03125
1 0.7921875 0.7078125 0.0484375 0.0375
1 0.865625 0.63203125 0.0703125 0.05625
1 0.2125 0.84140625 0.09375 0.053125
1 0.20078125 0.9375 0.075 0.05