1 0.41953125 0.05234375 0.05546875 0.0296875
1 0.55390625 0.06015625 0.05859375 0.034375
1 0.65078125 0.0625 0.0625 0.03203125
1 0.61875 0.08203125 0.0484375 0.03671875
1 0.4578125 0.17578125 0.053125 0.0390625
1 0.58046875 0.21953125 0.0671875 0.040625
1 0.68984375 0.159375 0.0765625 0.04453125
1 0.66953125 0.18046875 0.07109375 0.04140625
1 0.765625 0.2 0.05390625 0.03984375
1 0.8609375 0.26171875 0.06328125 0.05390625
1 0.4296875 0.35078125 0.0421875 0.03828125
1 0.48359375 0.33671875 0.04765625 0.0375
1 0.4953125 0.3890625 0.07421875 0.03046875
1 0.77890625 0.69609375 0.04765625 0.0359375
1 0.8515625 0.621875 0.06875 0.05390625
1 0.2109375 0.82734375 0.0921875 0.053125
1 0.2 0.92109375 0.07421875 0.04921875