2 0.3141592921875 0.25855028125 0.2290673921875 0.2496171515625 0.125255275 0.327462990625 0.16439755 0.388718734375 0.30394826406250003 0.354262378125 0.3601089171875 0.36447166875 0.3498978890625 0.4295558953125 0.4281824375 0.4869831546875 0.4588155203125 0.5546197046875 0.5149761749999999 0.5163348640625001 0.549012934375 0.45890760625000004 0.48944860468750007 0.3861664109375 0.36351259375 0.32491066874999996 0.3141592921875 0.25855028125
2 0.7532334921875 0.19091373125 0.7345132750000001 0.1564573765625 0.6936691625 0.1092394078125 0.7413206265625 0.0122511484375 0.6936691625 0.007146503125 0.6460176984375 0.07095456875 0.618788290625 0.18453292500000001 0.6851599734375 0.215160796875 0.7532334921875 0.19091373125
1 0.63203125 0.7828125 0.071875 0.08125
1 0.68671875 0.64140625 0.071875 0.0609375
1 0.86875 0.63671875 0.08125 0.053125
1 0.71171875 0.465625 0.065625 0.0703125
1 0.753125 0.41640625 0.0921875 0.09375
1 0.6578125 0.32734375 0.075 0.0609375
1 0.5046875 0.2703125 0.06875 0.06875
1 0.40625 0.2234375 0.071875 0.065625
1 0.41953125 0.06796875 0.08125 0.1
1 0.16875 0.9078125 0.06875 0.075
1 0.16328125 0.80546875 0.065625 0.0625
1 0.08515625 0.77890625 0.090625 0.09375
1 0.86328125 0.15234375 0.059375 0.0578125
1 0.83046875 0.0375 0.06875 0.059375
1 0.88828125 0.09609375 0.09375 0.084375
1 0.7953125 0.56171875 0.090625 0.075