2 0.5742086140625 0.62249135 0.6403736375 0.6121107265625 0.650752465625 0.6692041515625 0.6157239234375 0.8110726640625 0.6779968859375 0.8508650515625 0.75713544375 0.7453287203125 0.7480539703125 0.6588235296875 0.68059159375 0.60865051875 0.6183186296875001 0.4806228375 0.5443694859375 0.4200692046875 0.4859885828125 0.4546712796875 0.44706798125 0.5117647062499999 0.5158277109375 0.5429065750000001 0.5742086140625 0.62249135
2 1 0.23910034531250002 0.9984431765625 0.2245674734375 0.8998443171874999 0.27301038125 0.8518422421875 0.2314878890625 0.8168137 0.212456746875 0.7921639859375 0.2816609 0.8233004671874999 0.34913494843750004 0.9387649203124999 0.3214532875 1 0.2757231828125 1 0.23910034531250002
1 0.21484375 0.33515625 0.0828125 0.071875
1 0.35859375 0.2796875 0.0625 0.071875
1 0.36328125 0.09453125 0.053125 0.0828125
1 0.5375 0.2546875 0.071875 0.0671875
1 0.5875 0.2125 0.096875 0.09375
1 0.678125 0.309375 0.0625 0.075
1 0.7359375 0.46484375 0.06875 0.06875
1 0.78359375 0.565625 0.065625 0.071875
1 0.9421875 0.5515625 0.103125 0.0828125
1 0.0875 0.80703125 0.075 0.0703125
1 0.1921875 0.81171875 0.0625 0.0671875
1 0.21875 0.89140625 0.096875 0.090625
1 0.85625 0.10078125 0.059375 0.0609375
1 0.97109375 0.13359375 0.05625 0.071875
1 0.9125 0.075 0.0859375 0.0953125
1 0.43984375 0.1703125 0.0765625 0.090625