2 0.5031988187499999 0.5577427828125 0.5684055125 0.5282152234375 0.5314960625 0.4740813640625 0.4761318890625 0.44127296562499996 0.40600393749999997 0.4986876640625 0.34694881875 0.620078740625 0.282972440625 0.6676509187499999 0.27436023593750003 0.749671915625 0.3494094484375 0.8497375328125001 0.4084645671875 0.8120078734374999 0.3752460625 0.6774934390625 0.3850885828125 0.6233595796875 0.4478346453125 0.6332021 0.5031988187499999 0.5577427828125
2 0.139025590625 0.30183727031249996 0.045521653125 0.2559055125 0.040600393750000005 0.30183727031249996 0.10211614218750001 0.347769028125 0.21161417343750002 0.3740157484375 0.2411417328125 0.3100393703125 0.21776574843750002 0.244422571875 0.18454724375 0.26246719218750003 0.139025590625 0.30183727031249996
1 0.78828125 0.3609375 0.07890625 0.06875
1 0.65234375 0.30859375 0.059375 0.06875
1 0.64765625 0.1328125 0.05078125 0.07890625
1 0.4828125 0.284375 0.06796875 0.0640625
1 0.43515625 0.24453125 0.09140625 0.08828125
1 0.34921875 0.3359375 0.059375 0.071875
1 0.29453125 0.48359375 0.06484375 0.065625
1 0.24921875 0.57890625 0.0625 0.06875
1 0.09921875 0.565625 0.096875 0.07890625
1 0.909375 0.8078125 0.07109375 0.0671875
1 0.81015625 0.8125 0.06015625 0.0640625
1 0.78515625 0.88828125 0.09140625 0.08671875
1 0.18046875 0.13828125 0.05546875 0.05703125
1 0.0703125 0.16953125 0.05625 0.0671875
1 0.1265625 0.1140625 0.08125 0.08984375
1 0.575 0.20390625 0.07265625 0.08671875